accuracy: 87.464000
precision: 78.956000
recall: 90.690000