accuracy: 87.692000
precision: 79.046000
recall: 91.262000