accuracy: 89.388000
precision: 82.952000
recall: 91.064000